266 function
275 main
275 b
58 :
267 integer
44 ,
275 c
58 :
267 integer
272 returns
267 integer
59 ;
275 a
58 :
267 integer
268 is
276 3
59 ;
261 begin
283 if
40 (
275 a
288 <
276 2
41 )
288 |
40 (
275 a
276 0
41 )
258 &
40 (
275 b
288 <
276 0
41 )
287 then
276 7
276 2
40 (
276 9
276 4
41 )
59 ;
278 else
283 if
275 b
276 2
288 |
275 b
288 <
276 6
258 &
289 !
40 (
275 c
276 1
41 )
287 then
276 7
257 +
276 2
257 *
40 (
276 2
257 +
276 4
41 )
59 ;
278 else
275 a
276 2
59 ;
275 endif
59 ;
275 endif
59 ;
264 end
59 ;
